# CPUS N Efficiency
8 1000000 194.39
8 2000000 189.31
8 3000000 140.09
8 4000000 164.50
8 5000000 166.72
8 6000000 151.78
8 7000000 98.36
8 8000000 282.56
8 9000000 203.96
8 10000000 166.49

16 1000000 197.66
16 2000000 175.31
16 3000000 121.76
16 4000000 188.98
16 5000000 238.85
16 6000000 258.07
16 7000000 111.12
16 8000000 261.85
16 9000000 178.75
16 10000000 178.15

24 1000000 129.29
24 2000000 137.42
24 3000000 140.69
24 4000000 153.71
24 5000000 187.41
24 6000000 201.54
24 7000000 137.69
24 8000000 261.78
24 9000000 174.43
24 10000000 135.76

32 1000000 126.61
32 2000000 105.77
32 3000000 114.06
32 4000000 124.85
32 5000000 155.04
32 6000000 157.27
32 7000000 112.57
32 8000000 246.33
32 9000000 167.74
32 10000000 128.12

40 1000000 100.21
40 2000000 82.35
40 3000000 84.98
40 4000000 107.51
40 5000000 134.78
40 6000000 137.82
40 7000000 81.53
40 8000000 232.15
40 9000000 148.53
40 10000000 123.92

48 1000000 85.32
48 2000000 81.41
48 3000000 76.85
48 4000000 90.57
48 5000000 129.18
48 6000000 135.87
48 7000000 69.47
48 8000000 213.15
48 9000000 117.19
48 10000000 121.78

56 1000000 64.34
56 2000000 66.03
56 3000000 64.86
56 4000000 77.57
56 5000000 116.76
56 6000000 103.18
56 7000000 63.06
56 8000000 175.19
56 9000000 112.10
56 10000000 89.70

64 1000000 55.31
64 2000000 52.44
64 3000000 60.48
64 4000000 66.29
64 5000000 99.23
64 6000000 91.51
64 7000000 62.45
64 8000000 152.99
64 9000000 94.67
64 10000000 89.06

72 1000000 46.48
72 2000000 50.52
72 3000000 52.87
72 4000000 63.54
72 5000000 81.00
72 6000000 89.72
72 7000000 53.98
72 8000000 142.44
72 9000000 90.63
72 10000000 70.79

80 1000000 38.42
80 2000000 38.08
80 3000000 40.04
80 4000000 45.26
80 5000000 64.46
80 6000000 66.92
80 7000000 40.17
80 8000000 107.14
80 9000000 69.81
80 10000000 62.47
