#   CPUS N        Time(ms)
    8    1000000  1696
    8    2000000  3406
    8    3000000  6797
    8    4000000  9108
    8    5000000  16100
    8    6000000  21419
    8    7000000  23781
    8    8000000  24595
    8    9000000  24643
    8    10000000 30989

    16   1000000  834
    16   2000000  1839
    16   3000000  3910
    16   4000000  3964
    16   5000000  5619
    16   6000000  6299
    16   7000000  10525
    16   8000000  13270
    16   9000000  14059
    16   10000000 14480

    24   1000000  850
    24   2000000  1564
    24   3000000  2256
    24   4000000  3249
    24   5000000  4774
    24   6000000  5377
    24   7000000  5663
    24   8000000  8849
    24   9000000  9605
    24   10000000 12668

    32   1000000  651
    32   2000000  1524
    32   3000000  2087
    32   4000000  3000
    32   5000000  4328
    32   6000000  5168
    32   7000000  5195
    32   8000000  7053
    32   9000000  7491
    32   10000000 10067

    40   1000000  658
    40   2000000  1566
    40   3000000  2241
    40   4000000  2787
    40   5000000  3983
    40   6000000  4718
    40   7000000  5738
    40   8000000  5987
    40   9000000  6768
    40   10000000 8327

    48   1000000  644
    48   2000000  1320
    48   3000000  2065
    48   4000000  2757
    48   5000000  3463
    48   6000000  3988
    48   7000000  5612
    48   8000000  5434
    48   9000000  7148
    48   10000000 7061

    56   1000000  732
    56   2000000  1395
    56   3000000  2097
    56   4000000  2759
    56   5000000  3284
    56   6000000  4501
    56   7000000  5299
    56   8000000  5667
    56   9000000  6405
    56   10000000 8217

    64   1000000  745
    64   2000000  1537
    64   3000000  1968
    64   4000000  2825
    64   5000000  3381
    64   6000000  4441
    64   7000000  4682
    64   8000000  5678
    64   9000000  6636
    64   10000000 7241

    72   1000000  788
    72   2000000  1418
    72   3000000  2001
    72   4000000  2620
    72   5000000  3682
    72   6000000  4026
    72   7000000  4815
    72   8000000  5421
    72   9000000  6162
    72   10000000 8098

    80   1000000  858
    80   2000000  1693
    80   3000000  2378
    80   4000000  3310
    80   5000000  4164
    80   6000000  4858
    80   7000000  5822
    80   8000000  6486
    80   9000000  7199
    80   10000000 8259
