# CPUS N       Efficiency
  8    100000  98.01
  8    200000  89.90
  8    300000  199.95
  8    400000  129.06
  8    500000  140.92
  8    600000  143.74
  8    700000  132.26
  8    800000  235.42
  8    900000  130.15
  8    1000000 112.36

  16   100000  70.50
  16   200000  71.23
  16   300000  116.38
  16   400000  97.84
  16   500000  128.87
  16   600000  127.13
  16   700000  116.60
  16   800000  191.37
  16   900000  149.34
  16   1000000 110.66

  24   100000  46.19
  24   200000  45.56
  24   300000  114.15
  24   400000  77.77
  24   500000  84.20
  24   600000  88.81
  24   700000  84.28
  24   800000  131.82
  24   900000  94.34
  24   1000000 76.72

  32   100000  25.76
  32   200000  29.80
  32   300000  88.14
  32   400000  58.10
  32   500000  67.57
  32   600000  76.94
  32   700000  58.64
  32   800000  117.04
  32   900000  79.82
  32   1000000 44.77

  40   100000  25.11
  40   200000  24.90
  40   300000  56.75
  40   400000  50.13
  40   500000  57.18
  40   600000  56.40
  40   700000  58.44
  40   800000  96.53
  40   900000  66.36
  40   1000000 21.60

  48   100000  23.09
  48   200000  23.74
  48   300000  53.39
  48   400000  37.86
  48   500000  49.23
  48   600000  51.29
  48   700000  44.38
  48   800000  84.19
  48   900000  57.76
  48   1000000 40.58

  56   100000  18.82
  56   200000  19.06
  56   300000  44.33
  56   400000  36.10
  56   500000  39.57
  56   600000  41.55
  56   700000  40.75
  56   800000  72.31
  56   900000  46.92
  56   1000000 28.34

  64   100000  16.20
  64   200000  15.92
  64   300000  40.04
  64   400000  31.07
  64   500000  35.28
  64   600000  35.79
  64   700000  31.80
  64   800000  63.92
  64   900000  42.41
  64   1000000 27.47

  72   100000  11.59
  72   200000  13.73
  72   300000  31.83
  72   400000  26.32
  72   500000  30.30
  72   600000  32.40
  72   700000  30.60
  72   800000  52.21
  72   900000  38.99
  72   1000000 23.26

  80   100000  9.13
  80   200000  9.60
  80   300000  23.45
  80   400000  18.16
  80   500000  21.22
  80   600000  21.70
  80   700000  20.95
  80   800000  38.04
  80   900000  26.67
  80   1000000 15.71
