# CPUS N       Time(ms)
  8    100000  82
  8    200000  187
  8    300000  298
  8    400000  470
  8    500000  631
  8    600000  773
  8    700000  908
  8    800000  1060
  8    900000  1494
  8    1000000 1688
  16   100000  57
  16   200000  118
  16   300000  256
  16   400000  310
  16   500000  345
  16   600000  437
  16   700000  515
  16   800000  652
  16   900000  651
  16   1000000 857
  24   100000  58
  24   200000  123
  24   300000  174
  24   400000  260
  24   500000  352
  24   600000  417
  24   700000  475
  24   800000  631
  24   900000  687
  24   1000000 824
  32   100000  78
  32   200000  141
  32   300000  169
  32   400000  261
  32   500000  329
  32   600000  361
  32   700000  512
  32   800000  533
  32   900000  609
  32   1000000 1059
  40   100000  64
  40   200000  135
  40   300000  210
  40   400000  242
  40   500000  311
  40   600000  394
  40   700000  411
  40   800000  517
  40   900000  586
  40   1000000 1756
  48   100000  58
  48   200000  118
  48   300000  186
  48   400000  267
  48   500000  301
  48   600000  361
  48   700000  451
  48   800000  494
  48   900000  561
  48   1000000 779
  56   100000  61
  56   200000  126
  56   300000  192
  56   400000  240
  56   500000  321
  56   600000  382
  56   700000  421
  56   800000  493
  56   900000  592
  56   1000000 956
  64   100000  62
  64   200000  132
  64   300000  186
  64   400000  244
  64   500000  315
  64   600000  388
  64   700000  472
  64   800000  488
  64   900000  573
  64   1000000 863
  72   100000  77
  72   200000  136
  72   300000  208
  72   400000  256
  72   500000  326
  72   600000  381
  72   700000  436
  72   800000  531
  72   900000  554
  72   1000000 906
  80   100000  88
  80   200000  175
  80   300000  254
  80   400000  334
  80   500000  419
  80   600000  512
  80   700000  573
  80   800000  656
  80   900000  729
  80   1000000 1207
